Soil_Type_Categorical	1	2	3	4	5	6	8	9	10	11	12	13	14	16	17	18	19	20	21	22	23	24	25	26	27	28	29	30	31	32	33	34	35	36	37	38	39	40
Cover_Type																																						
1	0	0	0	5	0	0	0	1	9	5	24	17	0	9	2	0	15	41	12	275	376	128	0	7	7	0	407	81	114	230	184	0	3	0	0	80	79	49
2	0	3	12	20	0	7	1	9	81	67	203	84	0	14	7	16	13	55	0	54	149	72	1	19	5	6	554	144	97	255	184	12	1	2	0	7	3	3
3	121	283	133	462	55	248	0	0	717	89	0	4	4	5	34	0	0	0	0	0	0	0	0	0	0	0	0	0	0	5	0	0	0	0	0	0	0	0
4	139	94	799	133	39	244	0	0	170	24	0	0	128	40	350	0	0	0	0	0	0	0	0	0	0	0	0	0	0	0	0	0	0	0	0	0	0	0
5	0	61	0	129	0	0	0	0	64	154	0	305	0	9	131	44	18	6	0	0	157	11	0	28	0	3	254	480	87	100	115	4	0	0	0	0	0	0
6	95	182	18	87	71	151	0	0	1101	67	0	66	37	37	88	0	0	37	0	0	3	15	0	0	0	0	0	0	7	30	66	2	0	0	0	0	0	0
7	0	0	0	7	0	0	0	0	0	0	0	0	0	0	0	0	0	0	4	16	72	31	0	0	3	0	76	20	27	70	67	4	98	8	34	641	575	407




Wild_Type_Categorical	1	2	3	4
Cover_Type				
1	1062	181	917	0
2	1134	66	940	20
3	0	0	863	1297
4	0	0	0	2160
5	856	0	1304	0
6	0	0	962	1198
7	545	252	1363	0


===================================

PCA 2D

0.947626677288

PCA 3D

0.983479329076


===================================


Models with default parameters:

{'adaboost': 0.5727513227513228,
 'erf': 0.14682539682539683,
 'gboost': 0.19444444444444445,
 'gnb': 0.5324074074074074,
 'lr': 0.32275132275132273,
 'nn': 0.400793650794,
 'rf': 0.16335978835978837,
 'sgd': 0.6686507936507936, (X)
 'svm': 0.5390211640211641,
 'tree': 0.19907407407407407}

==================================

Tuning Extra tree:

vs num tree

10
0.152116402116
50
0.134259259259
100
0.134920634921
500
0.132936507937
1000
0.134259259259
2000
0.134920634921


vs criterion:

gini
0.152116402116
entropy
0.156084656085


vs min split

2
0.152116402116
3
0.146164021164
4
0.150793650794
5
0.156746031746
10
0.17328042328
20
0.177248677249
30
0.205687830688
40
0.218915343915
50
0.21626984127

vs bootstrap

False
0.152116402116
True
0.17328042328

vs warm start

False
0.152116402116
True
0.152116402116

best:

	n_trees	criterions	min_splits	bootstrap	error
40	1000	entropy	2	False	0.12963


============================

tuning gradient boosting

vs. learning rate

0.1
0.194444444444
0.2
0.17328042328
0.3
0.167328042328
0.4
0.156084656085
0.5
0.162037037037
0.6
0.175264550265
0.7
0.162037037037
0.8
0.174603174603
0.9
0.181878306878
1
0.292989417989


vs. num estimators

10
0.290343915344
50
0.231481481481
100
0.194444444444
200
0.168650793651
500
0.157407407407
1000
0.154100529101
2000
0.151455026455


vs min split

2
0.194444444444
3
0.20171957672
4
0.197751322751
5
0.201058201058
10
0.197751322751
20
0.198412698413
30
0.203042328042
40
0.199735449735
50
0.199074074074

best:


	learning_rate	n_estimators	min_splits	error
9	0.3	2000	3	0.140212


